

  #########
  # HI+JES calibration factors for
  # jet energy correction
  #
JES.AntiKt4HI_Bin0:              2.8615e-01   4.2124e-02   0.0000e+00   0.0000e+00   0.0000e+00   0.0000e+00   0.0000e+00   0.0000e+00   0.0000e+00
JES.AntiKt4HI_Bin1:             -1.3987e+02   6.4830e+01  -9.9682e+00   5.1060e-01   0.0000e+00   0.0000e+00   0.0000e+00   0.0000e+00   0.0000e+00
JES.AntiKt4HI_Bin2:              1.6695e+00  -3.9304e-01   3.5335e-02   0.0000e+00   0.0000e+00   0.0000e+00   0.0000e+00   0.0000e+00   0.0000e+00
JES.AntiKt4HI_Bin3:              2.5105e+00  -6.6915e-01   5.8002e-02   0.0000e+00   0.0000e+00   0.0000e+00   0.0000e+00   0.0000e+00   0.0000e+00
JES.AntiKt4HI_Bin4:              2.3365e-01   5.8817e-02   0.0000e+00   0.0000e+00   0.0000e+00   0.0000e+00   0.0000e+00   0.0000e+00   0.0000e+00
JES.AntiKt4HI_Bin5:              2.5711e+00  -6.9904e-01   6.1356e-02   0.0000e+00   0.0000e+00   0.0000e+00   0.0000e+00   0.0000e+00   0.0000e+00
JES.AntiKt4HI_Bin6:              1.9496e+01  -8.9295e+00   1.3907e+00  -7.1200e-02   0.0000e+00   0.0000e+00   0.0000e+00   0.0000e+00   0.0000e+00
JES.AntiKt4HI_Bin7:              2.0188e+01  -9.4645e+00   1.5113e+00  -7.9455e-02   0.0000e+00   0.0000e+00   0.0000e+00   0.0000e+00   0.0000e+00
JES.AntiKt4HI_Bin8:              1.2354e+01  -5.8890e+00   9.7300e-01  -5.2648e-02   0.0000e+00   0.0000e+00   0.0000e+00   0.0000e+00   0.0000e+00
JES.AntiKt4HI_Bin9:              6.3201e+00  -3.0235e+00   5.2051e-01  -2.8873e-02   0.0000e+00   0.0000e+00   0.0000e+00   0.0000e+00   0.0000e+00
JES.AntiKt4HI_Bin10:             7.4362e-02   9.2556e-02   0.0000e+00   0.0000e+00   0.0000e+00   0.0000e+00   0.0000e+00   0.0000e+00   0.0000e+00
JES.AntiKt4HI_Bin11:             2.2511e-01   4.9938e-02   0.0000e+00   0.0000e+00   0.0000e+00   0.0000e+00   0.0000e+00   0.0000e+00   0.0000e+00
JES.AntiKt4HI_Bin12:             1.7436e-01   5.4666e-02   0.0000e+00   0.0000e+00   0.0000e+00   0.0000e+00   0.0000e+00   0.0000e+00   0.0000e+00
JES.AntiKt4HI_Bin13:             6.8352e+00  -3.4791e+00   6.2228e-01  -3.6089e-02   0.0000e+00   0.0000e+00   0.0000e+00   0.0000e+00   0.0000e+00
JES.AntiKt4HI_Bin14:             7.8158e+01  -5.3710e+01   1.3822e+01  -1.5688e+00   6.6365e-02   0.0000e+00   0.0000e+00   0.0000e+00   0.0000e+00
JES.AntiKt4HI_Bin15:             4.5558e+01  -3.1120e+01   7.9932e+00  -9.0381e-01   3.8049e-02   0.0000e+00   0.0000e+00   0.0000e+00   0.0000e+00
JES.AntiKt4HI_Bin16:             2.6788e-01   7.2339e-02   0.0000e+00   0.0000e+00   0.0000e+00   0.0000e+00   0.0000e+00   0.0000e+00   0.0000e+00
JES.AntiKt4HI_Bin17:             1.7296e+01  -1.1976e+01   3.1732e+00  -3.6841e-01   1.5908e-02   0.0000e+00   0.0000e+00   0.0000e+00   0.0000e+00
JES.AntiKt4HI_Bin18:             1.2575e+00  -4.5931e-01   9.6685e-02  -5.8213e-03   0.0000e+00   0.0000e+00   0.0000e+00   0.0000e+00   0.0000e+00
JES.AntiKt4HI_Bin19:             8.1632e-01  -2.2973e-01   5.8986e-02  -3.8452e-03   0.0000e+00   0.0000e+00   0.0000e+00   0.0000e+00   0.0000e+00
JES.AntiKt4HI_Bin20:             1.0003e+00  -3.2448e-01   7.6059e-02  -4.8286e-03   0.0000e+00   0.0000e+00   0.0000e+00   0.0000e+00   0.0000e+00
JES.AntiKt4HI_Bin21:             1.4824e-01   1.4537e-01  -7.0125e-03   0.0000e+00   0.0000e+00   0.0000e+00   0.0000e+00   0.0000e+00   0.0000e+00
JES.AntiKt4HI_Bin22:             1.2679e-01   1.5873e-01  -8.3904e-03   0.0000e+00   0.0000e+00   0.0000e+00   0.0000e+00   0.0000e+00   0.0000e+00
JES.AntiKt4HI_Bin23:             1.2386e-01   1.6040e-01  -8.6170e-03   0.0000e+00   0.0000e+00   0.0000e+00   0.0000e+00   0.0000e+00   0.0000e+00
JES.AntiKt4HI_Bin24:             1.3589e-01   1.5632e-01  -8.2064e-03   0.0000e+00   0.0000e+00   0.0000e+00   0.0000e+00   0.0000e+00   0.0000e+00
JES.AntiKt4HI_Bin25:             1.1190e+00  -5.9483e-01   2.0400e-01  -2.6221e-02   1.1984e-03   0.0000e+00   0.0000e+00   0.0000e+00   0.0000e+00
JES.AntiKt4HI_Bin26:             1.6170e+00  -1.0143e+00   3.3308e-01  -4.3424e-02   2.0368e-03   0.0000e+00   0.0000e+00   0.0000e+00   0.0000e+00
JES.AntiKt4HI_Bin27:             1.2854e-01   1.5625e-01  -8.0413e-03   0.0000e+00   0.0000e+00   0.0000e+00   0.0000e+00   0.0000e+00   0.0000e+00
JES.AntiKt4HI_Bin28:             1.1411e+01  -1.1087e+01   4.4052e+00  -8.5436e-01   8.1607e-02  -3.0789e-03   0.0000e+00   0.0000e+00   0.0000e+00
JES.AntiKt4HI_Bin29:             1.1891e+00  -6.9965e-01   2.4097e-01  -3.1825e-02   1.5062e-03   0.0000e+00   0.0000e+00   0.0000e+00   0.0000e+00
JES.AntiKt4HI_Bin30:             1.5019e-01   1.3510e-01  -7.0529e-03   0.0000e+00   0.0000e+00   0.0000e+00   0.0000e+00   0.0000e+00   0.0000e+00
JES.AntiKt4HI_Bin31:             5.6622e+00  -5.5715e+00   2.2973e+00  -4.5410e-01   4.3835e-02  -1.6612e-03   0.0000e+00   0.0000e+00   0.0000e+00
JES.AntiKt4HI_Bin32:             3.3571e+00  -3.2499e+00   1.3873e+00  -2.7874e-01   2.7266e-02  -1.0475e-03   0.0000e+00   0.0000e+00   0.0000e+00
JES.AntiKt4HI_Bin33:             3.5760e-01  -4.7318e-02   5.8647e-02  -9.2096e-03   4.6602e-04   0.0000e+00   0.0000e+00   0.0000e+00   0.0000e+00
JES.AntiKt4HI_Bin34:             2.4216e+00  -2.2784e+00   1.0109e+00  -2.0902e-01   2.1010e-02  -8.2802e-04   0.0000e+00   0.0000e+00   0.0000e+00
JES.AntiKt4HI_Bin35:             1.4046e-01   1.7910e-01  -1.6373e-02   5.8278e-04   0.0000e+00   0.0000e+00   0.0000e+00   0.0000e+00   0.0000e+00
JES.AntiKt4HI_Bin36:             2.1927e+00  -2.0465e+00   9.2575e-01  -1.9358e-01   1.9534e-02  -7.6959e-04   0.0000e+00   0.0000e+00   0.0000e+00
JES.AntiKt4HI_Bin37:             1.5940e-01   1.8458e-01  -1.7358e-02   6.3256e-04   0.0000e+00   0.0000e+00   0.0000e+00   0.0000e+00   0.0000e+00
JES.AntiKt4HI_Bin38:             3.5883e-01   1.7438e-02   3.9021e-02  -7.4875e-03   4.2119e-04   0.0000e+00   0.0000e+00   0.0000e+00   0.0000e+00
JES.AntiKt4HI_Bin39:             2.3384e+00  -2.2482e+00   1.0537e+00  -2.2860e-01   2.3891e-02  -9.7299e-04   0.0000e+00   0.0000e+00   0.0000e+00
JES.AntiKt4HI_Bin40:             1.6203e+00  -1.4276e+00   6.9503e-01  -1.5247e-01   1.6007e-02  -6.5348e-04   0.0000e+00   0.0000e+00   0.0000e+00
JES.AntiKt4HI_Bin41:             2.1659e-01   1.8753e-01  -1.9642e-02   7.8776e-04   0.0000e+00   0.0000e+00   0.0000e+00   0.0000e+00   0.0000e+00
JES.AntiKt4HI_Bin42:             3.1923e-01   8.8693e-02   1.4931e-02  -4.3317e-03   2.7261e-04   0.0000e+00   0.0000e+00   0.0000e+00   0.0000e+00
JES.AntiKt4HI_Bin43:             1.4995e+00  -1.3099e+00   6.5564e-01  -1.4675e-01   1.5674e-02  -6.5019e-04   0.0000e+00   0.0000e+00   0.0000e+00
JES.AntiKt4HI_Bin44:             2.2402e-01   1.8354e-01  -1.9506e-02   7.9343e-04   0.0000e+00   0.0000e+00   0.0000e+00   0.0000e+00   0.0000e+00
JES.AntiKt4HI_Bin45:             1.8915e-01   2.0422e-01  -2.3629e-02   1.0583e-03   0.0000e+00   0.0000e+00   0.0000e+00   0.0000e+00   0.0000e+00
JES.AntiKt4HI_Bin46:             2.8534e-01   1.1810e-01   5.1424e-03  -2.9599e-03   2.0276e-04   0.0000e+00   0.0000e+00   0.0000e+00   0.0000e+00
JES.AntiKt4HI_Bin47:             2.9656e-01   1.1070e-01   6.8550e-03  -3.0828e-03   2.0358e-04   0.0000e+00   0.0000e+00   0.0000e+00   0.0000e+00
JES.AntiKt4HI_Bin48:             1.4145e+00  -1.1978e+00   5.9816e-01  -1.3291e-01   1.4096e-02  -5.8114e-04   0.0000e+00   0.0000e+00   0.0000e+00
JES.AntiKt4HI_Bin49:             2.1082e-01   1.8463e-01  -1.8596e-02   7.1969e-04   0.0000e+00   0.0000e+00   0.0000e+00   0.0000e+00   0.0000e+00
JES.AntiKt4HI_Bin50:             2.1973e+00  -2.0890e+00   9.8451e-01  -2.1423e-01   2.2453e-02  -9.1718e-04   0.0000e+00   0.0000e+00   0.0000e+00
JES.AntiKt4HI_Bin51:             1.9591e-01   1.7379e-01  -1.5025e-02   4.5413e-04   0.0000e+00   0.0000e+00   0.0000e+00   0.0000e+00   0.0000e+00
JES.AntiKt4HI_Bin52:             1.5116e+00  -1.2976e+00   6.1293e-01  -1.2996e-01   1.3225e-02  -5.2501e-04   0.0000e+00   0.0000e+00   0.0000e+00
JES.AntiKt4HI_Bin53:             1.5302e-01   1.7714e-01  -1.6028e-02   5.5750e-04   0.0000e+00   0.0000e+00   0.0000e+00   0.0000e+00   0.0000e+00
JES.AntiKt4HI_Bin54:             1.5930e-01   1.6458e-01  -1.3076e-02   3.4563e-04   0.0000e+00   0.0000e+00   0.0000e+00   0.0000e+00   0.0000e+00
JES.AntiKt4HI_Bin55:             2.5381e+00  -2.3908e+00   1.0529e+00  -2.1644e-01   2.1619e-02  -8.4616e-04   0.0000e+00   0.0000e+00   0.0000e+00
JES.AntiKt4HI_Bin56:             1.3112e-01   1.5919e-01  -7.9136e-03   0.0000e+00   0.0000e+00   0.0000e+00   0.0000e+00   0.0000e+00   0.0000e+00
JES.AntiKt4HI_Bin57:             8.6061e-02   1.7237e-01  -9.2227e-03   0.0000e+00   0.0000e+00   0.0000e+00   0.0000e+00   0.0000e+00   0.0000e+00
JES.AntiKt4HI_Bin58:             6.1219e+00  -6.0544e+00   2.4978e+00  -4.9464e-01   4.7821e-02  -1.8136e-03   0.0000e+00   0.0000e+00   0.0000e+00
JES.AntiKt4HI_Bin59:             3.8519e-02   2.0758e-01  -2.1667e-02   9.5286e-04   0.0000e+00   0.0000e+00   0.0000e+00   0.0000e+00   0.0000e+00
JES.AntiKt4HI_Bin60:             1.7216e+00  -1.1507e+00   3.8127e-01  -5.0692e-02   2.4332e-03   0.0000e+00   0.0000e+00   0.0000e+00   0.0000e+00
JES.AntiKt4HI_Bin61:             8.2919e+00  -7.8244e+00   3.0642e+00  -5.8320e-01   5.4609e-02  -2.0192e-03   0.0000e+00   0.0000e+00   0.0000e+00
JES.AntiKt4HI_Bin62:             1.0404e+00  -5.5137e-01   1.9355e-01  -2.5006e-02   1.1416e-03   0.0000e+00   0.0000e+00   0.0000e+00   0.0000e+00
JES.AntiKt4HI_Bin63:             1.4501e+00  -8.6104e-01   2.8200e-01  -3.6104e-02   1.6555e-03   0.0000e+00   0.0000e+00   0.0000e+00   0.0000e+00
JES.AntiKt4HI_Bin64:             1.3695e-01   1.5684e-01  -8.1805e-03   0.0000e+00   0.0000e+00   0.0000e+00   0.0000e+00   0.0000e+00   0.0000e+00
JES.AntiKt4HI_Bin65:             1.3083e-01   1.5952e-01  -8.6131e-03   0.0000e+00   0.0000e+00   0.0000e+00   0.0000e+00   0.0000e+00   0.0000e+00
JES.AntiKt4HI_Bin66:             1.2733e-01   1.6015e-01  -8.6708e-03   0.0000e+00   0.0000e+00   0.0000e+00   0.0000e+00   0.0000e+00   0.0000e+00
JES.AntiKt4HI_Bin67:             1.2296e-01   1.5976e-01  -8.4779e-03   0.0000e+00   0.0000e+00   0.0000e+00   0.0000e+00   0.0000e+00   0.0000e+00
JES.AntiKt4HI_Bin68:             3.8155e+00  -2.5217e+00   7.1192e-01  -8.5220e-02   3.7500e-03   0.0000e+00   0.0000e+00   0.0000e+00   0.0000e+00
JES.AntiKt4HI_Bin69:             5.3957e+00  -3.5632e+00   9.6237e-01  -1.1163e-01   4.7820e-03   0.0000e+00   0.0000e+00   0.0000e+00   0.0000e+00
JES.AntiKt4HI_Bin70:             5.9813e+00  -4.0401e+00   1.1037e+00  -1.3007e-01   5.6705e-03   0.0000e+00   0.0000e+00   0.0000e+00   0.0000e+00
JES.AntiKt4HI_Bin71:             6.4780e-01  -7.1932e-02   4.3515e-03   3.9635e-03  -3.9052e-04   0.0000e+00   0.0000e+00   0.0000e+00   0.0000e+00
JES.AntiKt4HI_Bin72:             1.9489e+01  -1.3545e+01   3.5909e+00  -4.1749e-01   1.8054e-02   0.0000e+00   0.0000e+00   0.0000e+00   0.0000e+00
JES.AntiKt4HI_Bin73:             2.0981e+01  -1.4249e+01   3.6839e+00  -4.1793e-01   1.7642e-02   0.0000e+00   0.0000e+00   0.0000e+00   0.0000e+00
JES.AntiKt4HI_Bin74:             3.6634e+01  -2.4917e+01   6.3922e+00  -7.2226e-01   3.0423e-02   0.0000e+00   0.0000e+00   0.0000e+00   0.0000e+00
JES.AntiKt4HI_Bin75:             7.4961e+01  -5.1557e+01   1.3285e+01  -1.5100e+00   6.3975e-02   0.0000e+00   0.0000e+00   0.0000e+00   0.0000e+00
JES.AntiKt4HI_Bin76:             1.0280e+01  -5.3332e+00   9.5331e-01  -5.5706e-02   0.0000e+00   0.0000e+00   0.0000e+00   0.0000e+00   0.0000e+00
JES.AntiKt4HI_Bin77:             5.3638e+00  -2.8495e+00   5.3942e-01  -3.3253e-02   0.0000e+00   0.0000e+00   0.0000e+00   0.0000e+00   0.0000e+00
JES.AntiKt4HI_Bin78:             4.6253e-01  -3.3206e-02   7.3218e-03   0.0000e+00   0.0000e+00   0.0000e+00   0.0000e+00   0.0000e+00   0.0000e+00
JES.AntiKt4HI_Bin79:             6.9884e-02   9.3436e-02   0.0000e+00   0.0000e+00   0.0000e+00   0.0000e+00   0.0000e+00   0.0000e+00   0.0000e+00
JES.AntiKt4HI_Bin80:             5.0701e+00  -2.3874e+00   4.1321e-01  -2.2878e-02   0.0000e+00   0.0000e+00   0.0000e+00   0.0000e+00   0.0000e+00
JES.AntiKt4HI_Bin81:             7.4341e-01  -9.7653e-02   1.4326e-02   0.0000e+00   0.0000e+00   0.0000e+00   0.0000e+00   0.0000e+00   0.0000e+00
JES.AntiKt4HI_Bin82:             1.7842e+01  -8.2413e+00   1.2995e+00  -6.7297e-02   0.0000e+00   0.0000e+00   0.0000e+00   0.0000e+00   0.0000e+00
JES.AntiKt4HI_Bin83:             1.9217e+01  -8.8680e+00   1.3932e+00  -7.2015e-02   0.0000e+00   0.0000e+00   0.0000e+00   0.0000e+00   0.0000e+00
JES.AntiKt4HI_Bin84:             1.8994e+00  -4.9192e-01   4.5571e-02   0.0000e+00   0.0000e+00   0.0000e+00   0.0000e+00   0.0000e+00   0.0000e+00
JES.AntiKt4HI_Bin85:             1.4361e+00  -3.3406e-01   3.2019e-02   0.0000e+00   0.0000e+00   0.0000e+00   0.0000e+00   0.0000e+00   0.0000e+00
JES.AntiKt4HI_Bin86:             2.7302e-01   5.1675e-02   0.0000e+00   0.0000e+00   0.0000e+00   0.0000e+00   0.0000e+00   0.0000e+00   0.0000e+00
JES.AntiKt4HI_Bin87:             6.7433e+00  -1.9937e+00   1.6137e-01   0.0000e+00   0.0000e+00   0.0000e+00   0.0000e+00   0.0000e+00   0.0000e+00
JES.AntiKt4HI_Bin88:             4.1434e-01   2.5887e-02   0.0000e+00   0.0000e+00   0.0000e+00   0.0000e+00   0.0000e+00   0.0000e+00   0.0000e+00
JES.AntiKt4HI_Bin89:            -3.1857e-01   1.3354e-01   0.0000e+00   0.0000e+00   0.0000e+00   0.0000e+00   0.0000e+00   0.0000e+00   0.0000e+00
JES.AntiKt4HI_Bin90:            -3.1857e-01   1.3354e-01   0.0000e+00   0.0000e+00   0.0000e+00   0.0000e+00   0.0000e+00   0.0000e+00   0.0000e+00


  #########
  # HI+JES calibration factors for
  # jet eta correction
  #
EtaCorr.AntiKt4HI_Bin0:          2.5486e-02   0.0000e+00   0.0000e+00   0.0000e+00   0.0000e+00   0.0000e+00   0.0000e+00   0.0000e+00   0.0000e+00
EtaCorr.AntiKt4HI_Bin1:          2.3658e-02   0.0000e+00   0.0000e+00   0.0000e+00   0.0000e+00   0.0000e+00   0.0000e+00   0.0000e+00   0.0000e+00
EtaCorr.AntiKt4HI_Bin2:          1.4704e-01  -3.2036e-02   2.0597e-03   0.0000e+00   0.0000e+00   0.0000e+00   0.0000e+00   0.0000e+00   0.0000e+00
EtaCorr.AntiKt4HI_Bin3:          4.5728e-02  -3.9025e-03   0.0000e+00   0.0000e+00   0.0000e+00   0.0000e+00   0.0000e+00   0.0000e+00   0.0000e+00
EtaCorr.AntiKt4HI_Bin4:          1.1687e-01  -2.6364e-02   1.6437e-03   0.0000e+00   0.0000e+00   0.0000e+00   0.0000e+00   0.0000e+00   0.0000e+00
EtaCorr.AntiKt4HI_Bin5:         -1.1413e+00   5.4026e-01  -8.2395e-02   4.1030e-03   0.0000e+00   0.0000e+00   0.0000e+00   0.0000e+00   0.0000e+00
EtaCorr.AntiKt4HI_Bin6:         -7.7041e-01   3.7886e-01  -5.9136e-02   2.9948e-03   0.0000e+00   0.0000e+00   0.0000e+00   0.0000e+00   0.0000e+00
EtaCorr.AntiKt4HI_Bin7:         -1.1341e+00   5.5118e-01  -8.6151e-02   4.3853e-03   0.0000e+00   0.0000e+00   0.0000e+00   0.0000e+00   0.0000e+00
EtaCorr.AntiKt4HI_Bin8:         -3.7837e-01   2.0491e-01  -3.4411e-02   1.8415e-03   0.0000e+00   0.0000e+00   0.0000e+00   0.0000e+00   0.0000e+00
EtaCorr.AntiKt4HI_Bin9:          6.2244e-02  -1.7789e-02   1.1679e-03   0.0000e+00   0.0000e+00   0.0000e+00   0.0000e+00   0.0000e+00   0.0000e+00
EtaCorr.AntiKt4HI_Bin10:         3.8323e-01  -1.7066e-01   2.4333e-02  -1.1505e-03   0.0000e+00   0.0000e+00   0.0000e+00   0.0000e+00   0.0000e+00
EtaCorr.AntiKt4HI_Bin11:         1.0684e-01  -3.0738e-02   1.9903e-03   0.0000e+00   0.0000e+00   0.0000e+00   0.0000e+00   0.0000e+00   0.0000e+00
EtaCorr.AntiKt4HI_Bin12:        -1.0648e+00   5.3213e-01  -8.5049e-02   4.4002e-03   0.0000e+00   0.0000e+00   0.0000e+00   0.0000e+00   0.0000e+00
EtaCorr.AntiKt4HI_Bin13:        -1.1683e+00   5.9440e-01  -9.5164e-02   4.9368e-03   0.0000e+00   0.0000e+00   0.0000e+00   0.0000e+00   0.0000e+00
EtaCorr.AntiKt4HI_Bin14:        -8.7984e-01   4.6423e-01  -7.6194e-02   4.0348e-03   0.0000e+00   0.0000e+00   0.0000e+00   0.0000e+00   0.0000e+00
EtaCorr.AntiKt4HI_Bin15:        -1.6766e-01   1.2518e-01  -2.3743e-02   1.3605e-03   0.0000e+00   0.0000e+00   0.0000e+00   0.0000e+00   0.0000e+00
EtaCorr.AntiKt4HI_Bin16:        -1.9585e-02   3.9908e-02  -8.8562e-03   5.4849e-04   0.0000e+00   0.0000e+00   0.0000e+00   0.0000e+00   0.0000e+00
EtaCorr.AntiKt4HI_Bin17:         1.3990e-01  -3.3646e-02   2.0903e-03   0.0000e+00   0.0000e+00   0.0000e+00   0.0000e+00   0.0000e+00   0.0000e+00
EtaCorr.AntiKt4HI_Bin18:         1.1711e-01  -2.9051e-02   1.9964e-03   0.0000e+00   0.0000e+00   0.0000e+00   0.0000e+00   0.0000e+00   0.0000e+00
EtaCorr.AntiKt4HI_Bin19:         1.4432e-01  -3.7991e-02   2.4314e-03   0.0000e+00   0.0000e+00   0.0000e+00   0.0000e+00   0.0000e+00   0.0000e+00
EtaCorr.AntiKt4HI_Bin20:         1.4005e-01  -3.8319e-02   2.6559e-03   0.0000e+00   0.0000e+00   0.0000e+00   0.0000e+00   0.0000e+00   0.0000e+00
EtaCorr.AntiKt4HI_Bin21:         1.1017e-01  -2.8782e-02   1.9168e-03   0.0000e+00   0.0000e+00   0.0000e+00   0.0000e+00   0.0000e+00   0.0000e+00
EtaCorr.AntiKt4HI_Bin22:         1.4904e-01  -5.1134e-02   5.7624e-03  -2.0759e-04   0.0000e+00   0.0000e+00   0.0000e+00   0.0000e+00   0.0000e+00
EtaCorr.AntiKt4HI_Bin23:         2.3617e-01  -9.5364e-02   1.2980e-02  -5.9072e-04   0.0000e+00   0.0000e+00   0.0000e+00   0.0000e+00   0.0000e+00
EtaCorr.AntiKt4HI_Bin24:         2.7923e-01  -1.1734e-01   1.6640e-02  -7.9206e-04   0.0000e+00   0.0000e+00   0.0000e+00   0.0000e+00   0.0000e+00
EtaCorr.AntiKt4HI_Bin25:         2.9811e-01  -1.2909e-01   1.8780e-02  -9.1456e-04   0.0000e+00   0.0000e+00   0.0000e+00   0.0000e+00   0.0000e+00
EtaCorr.AntiKt4HI_Bin26:         2.5278e-01  -1.1205e-01   1.6759e-02  -8.4130e-04   0.0000e+00   0.0000e+00   0.0000e+00   0.0000e+00   0.0000e+00
EtaCorr.AntiKt4HI_Bin27:         1.7954e-01  -7.8980e-02   1.1782e-02  -5.9351e-04   0.0000e+00   0.0000e+00   0.0000e+00   0.0000e+00   0.0000e+00
EtaCorr.AntiKt4HI_Bin28:         4.5982e-02  -1.1305e-02   7.5506e-04   0.0000e+00   0.0000e+00   0.0000e+00   0.0000e+00   0.0000e+00   0.0000e+00
EtaCorr.AntiKt4HI_Bin29:         1.1428e-01  -4.5260e-02   6.4045e-03  -3.0500e-04   0.0000e+00   0.0000e+00   0.0000e+00   0.0000e+00   0.0000e+00
EtaCorr.AntiKt4HI_Bin30:         8.4610e-02  -2.2577e-02   1.6134e-03   0.0000e+00   0.0000e+00   0.0000e+00   0.0000e+00   0.0000e+00   0.0000e+00
EtaCorr.AntiKt4HI_Bin31:         1.9245e-01  -7.5851e-02   1.0529e-02  -4.8963e-04   0.0000e+00   0.0000e+00   0.0000e+00   0.0000e+00   0.0000e+00
EtaCorr.AntiKt4HI_Bin32:         1.7227e-01  -6.9323e-02   9.7800e-03  -4.6597e-04   0.0000e+00   0.0000e+00   0.0000e+00   0.0000e+00   0.0000e+00
EtaCorr.AntiKt4HI_Bin33:         1.0746e-01  -4.1540e-02   5.5728e-03  -2.4477e-04   0.0000e+00   0.0000e+00   0.0000e+00   0.0000e+00   0.0000e+00
EtaCorr.AntiKt4HI_Bin34:         9.1768e-02  -3.7048e-02   4.9654e-03  -2.2008e-04   0.0000e+00   0.0000e+00   0.0000e+00   0.0000e+00   0.0000e+00
EtaCorr.AntiKt4HI_Bin35:         7.1667e-02  -2.4722e-02   2.6453e-03  -9.1228e-05   0.0000e+00   0.0000e+00   0.0000e+00   0.0000e+00   0.0000e+00
EtaCorr.AntiKt4HI_Bin36:         8.4129e-02  -3.1199e-02   3.9422e-03  -1.6628e-04   0.0000e+00   0.0000e+00   0.0000e+00   0.0000e+00   0.0000e+00
EtaCorr.AntiKt4HI_Bin37:         7.8076e-02  -2.7806e-02   3.3785e-03  -1.3094e-04   0.0000e+00   0.0000e+00   0.0000e+00   0.0000e+00   0.0000e+00
EtaCorr.AntiKt4HI_Bin38:         8.4490e-02  -3.4504e-02   4.9647e-03  -2.4172e-04   0.0000e+00   0.0000e+00   0.0000e+00   0.0000e+00   0.0000e+00
EtaCorr.AntiKt4HI_Bin39:         5.7335e-02  -2.2152e-02   3.0153e-03  -1.3776e-04   0.0000e+00   0.0000e+00   0.0000e+00   0.0000e+00   0.0000e+00
EtaCorr.AntiKt4HI_Bin40:         5.3449e-02  -2.2170e-02   3.1597e-03  -1.4700e-04   0.0000e+00   0.0000e+00   0.0000e+00   0.0000e+00   0.0000e+00
EtaCorr.AntiKt4HI_Bin41:         3.9662e-02  -1.7707e-02   2.7708e-03  -1.4575e-04   0.0000e+00   0.0000e+00   0.0000e+00   0.0000e+00   0.0000e+00
EtaCorr.AntiKt4HI_Bin42:         1.9957e-02  -7.9667e-03   1.1090e-03  -5.0292e-05   0.0000e+00   0.0000e+00   0.0000e+00   0.0000e+00   0.0000e+00
EtaCorr.AntiKt4HI_Bin43:         6.1824e-03  -1.7721e-03   1.2294e-04   0.0000e+00   0.0000e+00   0.0000e+00   0.0000e+00   0.0000e+00   0.0000e+00
EtaCorr.AntiKt4HI_Bin44:         8.4418e-03  -5.6640e-03   1.1571e-03  -7.4067e-05   0.0000e+00   0.0000e+00   0.0000e+00   0.0000e+00   0.0000e+00
EtaCorr.AntiKt4HI_Bin45:        -1.0091e-02   4.9931e-03  -8.7997e-04   4.9475e-05   0.0000e+00   0.0000e+00   0.0000e+00   0.0000e+00   0.0000e+00
EtaCorr.AntiKt4HI_Bin46:        -8.9679e-03   2.5421e-03  -2.0429e-04   0.0000e+00   0.0000e+00   0.0000e+00   0.0000e+00   0.0000e+00   0.0000e+00
EtaCorr.AntiKt4HI_Bin47:        -2.8400e-02   1.1760e-02  -1.7047e-03   7.8353e-05   0.0000e+00   0.0000e+00   0.0000e+00   0.0000e+00   0.0000e+00
EtaCorr.AntiKt4HI_Bin48:        -3.9527e-02   1.5807e-02  -2.2306e-03   1.0468e-04   0.0000e+00   0.0000e+00   0.0000e+00   0.0000e+00   0.0000e+00
EtaCorr.AntiKt4HI_Bin49:        -6.5806e-02   2.9081e-02  -4.4989e-03   2.3058e-04   0.0000e+00   0.0000e+00   0.0000e+00   0.0000e+00   0.0000e+00
EtaCorr.AntiKt4HI_Bin50:        -6.5184e-02   2.5710e-02  -3.6147e-03   1.7077e-04   0.0000e+00   0.0000e+00   0.0000e+00   0.0000e+00   0.0000e+00
EtaCorr.AntiKt4HI_Bin51:        -7.1175e-02   2.6352e-02  -3.4437e-03   1.4874e-04   0.0000e+00   0.0000e+00   0.0000e+00   0.0000e+00   0.0000e+00
EtaCorr.AntiKt4HI_Bin52:        -8.3376e-02   3.0041e-02  -3.7530e-03   1.5159e-04   0.0000e+00   0.0000e+00   0.0000e+00   0.0000e+00   0.0000e+00
EtaCorr.AntiKt4HI_Bin53:        -1.0962e-01   4.4865e-02  -6.4094e-03   3.1217e-04   0.0000e+00   0.0000e+00   0.0000e+00   0.0000e+00   0.0000e+00
EtaCorr.AntiKt4HI_Bin54:        -8.0102e-02   3.0515e-02  -3.9269e-03   1.7993e-04   0.0000e+00   0.0000e+00   0.0000e+00   0.0000e+00   0.0000e+00
EtaCorr.AntiKt4HI_Bin55:        -1.0077e-01   4.0539e-02  -5.3678e-03   2.3014e-04   0.0000e+00   0.0000e+00   0.0000e+00   0.0000e+00   0.0000e+00
EtaCorr.AntiKt4HI_Bin56:        -1.1133e-01   4.3973e-02  -6.1484e-03   2.8870e-04   0.0000e+00   0.0000e+00   0.0000e+00   0.0000e+00   0.0000e+00
EtaCorr.AntiKt4HI_Bin57:        -1.7205e-01   6.9015e-02  -9.7580e-03   4.6618e-04   0.0000e+00   0.0000e+00   0.0000e+00   0.0000e+00   0.0000e+00
EtaCorr.AntiKt4HI_Bin58:        -1.5418e-01   5.5371e-02  -6.9868e-03   2.8803e-04   0.0000e+00   0.0000e+00   0.0000e+00   0.0000e+00   0.0000e+00
EtaCorr.AntiKt4HI_Bin59:        -7.7810e-02   2.0145e-02  -1.4266e-03   0.0000e+00   0.0000e+00   0.0000e+00   0.0000e+00   0.0000e+00   0.0000e+00
EtaCorr.AntiKt4HI_Bin60:        -1.0706e-01   4.1100e-02  -5.6641e-03   2.6203e-04   0.0000e+00   0.0000e+00   0.0000e+00   0.0000e+00   0.0000e+00
EtaCorr.AntiKt4HI_Bin61:        -5.3917e-02   1.3552e-02  -9.2474e-04   0.0000e+00   0.0000e+00   0.0000e+00   0.0000e+00   0.0000e+00   0.0000e+00
EtaCorr.AntiKt4HI_Bin62:        -1.7232e-01   7.4257e-02  -1.0864e-02   5.3607e-04   0.0000e+00   0.0000e+00   0.0000e+00   0.0000e+00   0.0000e+00
EtaCorr.AntiKt4HI_Bin63:        -2.6792e-01   1.1802e-01  -1.7506e-02   8.6815e-04   0.0000e+00   0.0000e+00   0.0000e+00   0.0000e+00   0.0000e+00
EtaCorr.AntiKt4HI_Bin64:        -2.9721e-01   1.2907e-01  -1.8851e-02   9.2035e-04   0.0000e+00   0.0000e+00   0.0000e+00   0.0000e+00   0.0000e+00
EtaCorr.AntiKt4HI_Bin65:        -2.8685e-01   1.2275e-01  -1.7821e-02   8.7197e-04   0.0000e+00   0.0000e+00   0.0000e+00   0.0000e+00   0.0000e+00
EtaCorr.AntiKt4HI_Bin66:        -2.2369e-01   9.0617e-02  -1.2486e-02   5.7970e-04   0.0000e+00   0.0000e+00   0.0000e+00   0.0000e+00   0.0000e+00
EtaCorr.AntiKt4HI_Bin67:        -1.7233e-01   6.3698e-02  -8.0126e-03   3.3895e-04   0.0000e+00   0.0000e+00   0.0000e+00   0.0000e+00   0.0000e+00
EtaCorr.AntiKt4HI_Bin68:        -1.4082e-01   3.8316e-02  -2.6641e-03   0.0000e+00   0.0000e+00   0.0000e+00   0.0000e+00   0.0000e+00   0.0000e+00
EtaCorr.AntiKt4HI_Bin69:        -1.2402e-01   3.2759e-02  -2.1942e-03   0.0000e+00   0.0000e+00   0.0000e+00   0.0000e+00   0.0000e+00   0.0000e+00
EtaCorr.AntiKt4HI_Bin70:        -1.7579e-02  -2.8124e-02   8.7517e-03  -6.1670e-04   0.0000e+00   0.0000e+00   0.0000e+00   0.0000e+00   0.0000e+00
EtaCorr.AntiKt4HI_Bin71:        -1.1430e-01   2.7709e-02  -1.8711e-03   0.0000e+00   0.0000e+00   0.0000e+00   0.0000e+00   0.0000e+00   0.0000e+00
EtaCorr.AntiKt4HI_Bin72:         2.9964e-02  -5.0062e-02   1.1342e-02  -7.0513e-04   0.0000e+00   0.0000e+00   0.0000e+00   0.0000e+00   0.0000e+00
EtaCorr.AntiKt4HI_Bin73:         1.1794e-01  -8.7445e-02   1.6491e-02  -9.5788e-04   0.0000e+00   0.0000e+00   0.0000e+00   0.0000e+00   0.0000e+00
EtaCorr.AntiKt4HI_Bin74:         1.8644e-01  -1.3326e-01   2.4929e-02  -1.4231e-03   0.0000e+00   0.0000e+00   0.0000e+00   0.0000e+00   0.0000e+00
EtaCorr.AntiKt4HI_Bin75:         7.5299e-01  -4.0338e-01   6.6639e-02  -3.5450e-03   0.0000e+00   0.0000e+00   0.0000e+00   0.0000e+00   0.0000e+00
EtaCorr.AntiKt4HI_Bin76:         1.0847e+00  -5.5639e-01   8.9410e-02  -4.6480e-03   0.0000e+00   0.0000e+00   0.0000e+00   0.0000e+00   0.0000e+00
EtaCorr.AntiKt4HI_Bin77:         1.2197e+00  -5.9660e-01   9.3647e-02  -4.7631e-03   0.0000e+00   0.0000e+00   0.0000e+00   0.0000e+00   0.0000e+00
EtaCorr.AntiKt4HI_Bin78:         3.8101e-02  -4.5810e-02   1.0970e-02  -7.0964e-04   0.0000e+00   0.0000e+00   0.0000e+00   0.0000e+00   0.0000e+00
EtaCorr.AntiKt4HI_Bin79:        -7.1254e-02   2.3971e-02  -1.6943e-03   0.0000e+00   0.0000e+00   0.0000e+00   0.0000e+00   0.0000e+00   0.0000e+00
EtaCorr.AntiKt4HI_Bin80:        -7.0297e-02   2.0701e-02  -1.4407e-03   0.0000e+00   0.0000e+00   0.0000e+00   0.0000e+00   0.0000e+00   0.0000e+00
EtaCorr.AntiKt4HI_Bin81:        -1.5436e-01   3.8551e-02  -2.4061e-03   0.0000e+00   0.0000e+00   0.0000e+00   0.0000e+00   0.0000e+00   0.0000e+00
EtaCorr.AntiKt4HI_Bin82:         1.1577e+00  -5.6026e-01   8.7003e-02  -4.3884e-03   0.0000e+00   0.0000e+00   0.0000e+00   0.0000e+00   0.0000e+00
EtaCorr.AntiKt4HI_Bin83:         1.1291e+00  -5.4639e-01   8.4869e-02  -4.2959e-03   0.0000e+00   0.0000e+00   0.0000e+00   0.0000e+00   0.0000e+00
EtaCorr.AntiKt4HI_Bin84:         1.5175e+00  -7.1178e-01   1.0800e-01  -5.3607e-03   0.0000e+00   0.0000e+00   0.0000e+00   0.0000e+00   0.0000e+00
EtaCorr.AntiKt4HI_Bin85:         4.6568e+00  -2.0669e+00   3.0121e-01  -1.4476e-02   0.0000e+00   0.0000e+00   0.0000e+00   0.0000e+00   0.0000e+00
EtaCorr.AntiKt4HI_Bin86:         1.5019e+00  -6.7311e-01   9.8147e-02  -4.7119e-03   0.0000e+00   0.0000e+00   0.0000e+00   0.0000e+00   0.0000e+00
EtaCorr.AntiKt4HI_Bin87:        -2.3776e-02   0.0000e+00   0.0000e+00   0.0000e+00   0.0000e+00   0.0000e+00   0.0000e+00   0.0000e+00   0.0000e+00
EtaCorr.AntiKt4HI_Bin88:        -3.3885e-02   1.7684e-03   0.0000e+00   0.0000e+00   0.0000e+00   0.0000e+00   0.0000e+00   0.0000e+00   0.0000e+00
EtaCorr.AntiKt4HI_Bin89:        -2.4109e-02   0.0000e+00   0.0000e+00   0.0000e+00   0.0000e+00   0.0000e+00   0.0000e+00   0.0000e+00   0.0000e+00
EtaCorr.AntiKt4HI_Bin90:        -2.4109e-02   0.0000e+00   0.0000e+00   0.0000e+00   0.0000e+00   0.0000e+00   0.0000e+00   0.0000e+00   0.0000e+00
